image_00000 220 266 243 296
image_00001 220 265 244 295
image_00002 217 262 244 294
image_00003 217 263 244 295
image_00004 218 261 246 298
image_00005 217 260 245 298
image_00006 214 260 246 299
image_00007 216 258 247 296
image_00008 214 258 246 298
image_00009 213 259 247 298
image_00010 214 259 246 303
image_00011 213 257 245 299
image_00012 214 258 247 299
image_00013 211 257 246 303
image_00014 213 255 246 303
image_00015 212 244 259 303
image_00016 213 244 265 301
image_00017 212 243 263 302
image_00018 216 243 265 301
image_00019 211 244 265 301
image_00020 211 245 265 304
image_00021 208 243 266 302
image_00022 210 243 265 303
image_00023 211 244 263 305
image_00024 209 243 264 304
image_00025 212 244 267 307
image_00026 211 242 269 304
image_00027 210 242 266 305
image_00028 210 241 264 305
image_00029 210 242 269 304
image_00030 230 243 266 304
image_00031 232 242 269 307
image_00032 228 241 266 308
image_00033 230 244 267 307
image_00034 232 241 268 308
image_00035 236 240 270 308
image_00036 236 242 268 307
image_00037 236 242 267 307
image_00038 238 244 266 304
image_00039 236 244 269 305
image_00040 237 244 269 305
image_00041 234 241 270 303
image_00042 236 244 268 305
image_00043 240 244 269 303
image_00044 239 241 273 281
image_00045 241 237 273 276
image_00046 244 238 274 274
image_00047 244 239 274 276
image_00048 246 239 271 270
image_00049 246 241 274 273
image_00050 246 239 274 270
image_00051 251 240 273 267
image_00052 252 240 272 264
image_00053 254 242 271 263
image_00054 254 239 271 259
image_00055 256 239 271 259
image_00056 255 240 271 260
image_00057 255 239 271 259
image_00058 254 239 269 259
image_00059 256 240 269 259
image_00060 258 241 267 255
image_00061 257 242 266 254
image_00062 257 242 266 252
image_00063 256 241 265 252
